1284
704
1140
765
796
1740
966
954
992
1340
1080
784
1167
895
883
1782
1138
1480
695
1362
1721
1097
1134
1627
1363
717
818
792
1057
964
183
1137
215
1554
902
1144
1063
1413
805
907
1690
730
1394
1286
1720
284
1779
1526
216
1222
1431
681
978
1381
1286
573
753
1129
940
1289
1346
729
325
466
1103
508
1123
750
629
779
954
1151
526
1279
411
1108
1123
1152
1446
425
1003
1084
559
1587
1030
242
1597
923
964
273
831
1109
1254
1267
1254
1067
552
919
1011
92
985
967
410
1240
419
1348
1606
1036
749
665
912
1090
1547
1408
445
1237
1983
1766
500
1038
1426
359
86
1142
875
1343
1562
1431
843
1248
737
1311
664
1383
906
1034
595
463
448
1506
351
810
484
1172
494
1054
1065
1368
197
1688
1313
971
1349
1779
736
729
1865
564
744
1105
441
1183
1083
369
1189
1204
1049
535
1557
713
81
1045
858
1261
556
1127
661
1030
1278
1651
1538
813
822
1056
862
651
535
720
556
458
1645
1916
462
1017
1002
1609
422
1036
1352
642
891
1803
507
1411
1165
1154
1194
796
389
682
1031
828
1066
247
492
919
1073
1242
897
1522
845
996
1668
708
474
385
1216
777
601
813
1209
640
1836
1486
1272
1938
1260
1718
895
1369
1038
1790
557
440
871
612
1221
794
243
1407
561
1632
259
1307
357
1102
393
1719
1356
1661
1056
672
968
1131
881
903
173
456
707
1032
1040
638
1140
738
1043
1341
1114
113
490
923
900
656
725
844
1338
1160
1313
1445
851
887
1066
1454
678
1003
1084
383
974
624
244
515
1750
1085
1763
1581
476
1218
716
1386
354
657
979
1109
458
1483
510
909
914
623
619
1191
423
1775
1165
1386
1189
875
642
1177
1433
739
399
1467
1048
144
924
1574
508
1294
814
787
1669
545
1338
907
552
1088
514
395
557
1077
1178
500
1855
1034
1500
342
1344
1035
1298
923
1759
432
775
584
1466
395
904
954
1555
1223
1331
615
1121
1142
1447
278
590
1737
967
547
1191
1312
827
545
651
786
1164
349
1409
336
944
1576
1436
710
551
1300
672
370
814
500
1091
1256
1264
1003
1045
742
703
824
432
1346
1331
502
1464
1405
991
1817
1603
1047
418
1148
1222
1462
1058
809
1629
887
484
747
1583
1214
794
1236
1287
1259
1362
1095
1748
377
1573
790
460
79
139
1093
508
1272
680
441
1245
1158
1176
900
758
167
520
1480
1614
531
1214
877
1069
937
1693
855
1667
1603
895
849
1240
1377
1732
1181
511
1396
1622
1712
566
825
425
970
494
704
1295
1632
1337
1410
720
653
373
858
686
969
1737
1560
1069
670
444
1293
1015
1314
1111
155
378
1424
1116
246
1671
987
602
1331
790
1649
763
353
1794
1333
1012
835
1207
1499
1031
1005
983
1038
1715
555
1780
1367
1026
1423
558
1682
1140
1085
1185
923
1324
805
500
1123
661
1301
939
1480
1330
982
1356
1264
1399
1453
486
1237
1238
1863
669
1103
924
1016
105
680
502
640
993
1463
1241
1308
601
1704
1691
1393
1281
866
126
1234
1803
1518
703
494
1424
743
1270
1031
1350
1369
1528
936
656
714
1680
827
527
699
1662
411
629
170
819
935
1174
1320
640
596
697
690
1741
1257
1456
945
1658
825
575
1170
1249
721
1538
1121
647
340
1740
908
1269
402
507
952
971
1263
550
563
1263
1131
1253
688
1075
807
1418
189
515
1119
821
254
574
766
528
750
123
1828
1185
1431
493
353
905
1639
812
1233
810
1593
1578
1594
1184
1421
202
644
1022
155
1707
898
385
629
1022
722
1137
905
329
328
1142
132
1029
1350
540
1096
765
702
1272
1137
966
566
431
1566
1184
1165
953
1633
1667
1340
350
849
1549
839
636
679
1166
622
1273
908
81
629
978
577
820
1339
883
1525
355
987
975
1225
1011
1549
944
591
648
653
1183
900
1613
861
1556
221
925
581
607
1236
1261
835
827
1254
1243
1066
745
967
785
624
1021
730
838
1575
1115
1465
889
1600
164
1343
386
555
897
1019
501
799
1044
1176
610
1079
498
1007
1800
866
1061
1187
471
947
868
1149
764
972
1204
1933
278
1231
902
1039
729
488
596
1200
1038
1320
953
966
637
1278
805
1032
1152
1012
1892
901
1044
553
952
1776
113
849
1351
1033
1798
739
1019
800
283
656
715
1482
1094
912
340
215
926
1071
1269
774
846
497
1070
1150
538
1267
682
1319
1112
1114
60
1044
845
1270
1782
1339
1584
870
1405
155
996
1074
1144
1615
922
95
708
1116
1581
983
1431
1407
601
1006
1189
1804
1465
1205
1343
1238
824
853
1495
750
361
506
667
958
1314
794
617
1675
1056
1182
365
1082
873
804
1519
1450
1057
842
1722
792
1763
1023
1852
1604
729
862
508
647
360
1417
721
1102
1678
279
569
968
841
1221
754
1081
1157
1295
1624
1401
1345
1385
1093
215
1479
535
1621
841
193
1017
543
827
490
747
636
201
481
1278
1543
1451
1027
1302
1331
1348
1549
1164
1572
746
1431
659
1138
192
995
485
699
255
865
1235
561
160
1096
779
578
515
1240
877
1156
815
1197
1561
624
477
1238
440
900
918
730
1551
1104
1155
932
391
654
1217
1246
954
709
1752
1092
902
452
1442
877
920
1251
1036
1410
951
323
1361
1570
1262
639
449
527
475
1148
646
698
1024
683
809
1056
582
1324
1056
400
1218
1743
1005
1266
1348
770
997
813
784
549
950
1568
752
1342
1128
1113
939
1146
1182
738
1670
991
228
808
435
1483
968
1316
1504
881
1609
336
966
1753
898
840
838
754
238
1033
1022
1765
1775
988
1563
1066
1181
461
880
760
607
637
1458
639
1221
748
447
1151
1299
312
823
553
1172
536
1014
852
1077
782
1167
368
994
741
1409
1254
1412
303
587
591
1137
1020
1224
1475
729
1587
709
636
1137
1336
1047
1329
883
860
845
746
1024
1190
548
1786
1020
1250
814
981
1019
1234
1092
769
1567
1436
1503
225
664
804
629
179
514
305
322
956
864
335
245
555
1195
1701
611
1125
444
1332
618
960
1394
771
959
1241
1292
512
782
1004
382
1547
665
476
581
932
998
838
308
875
1688
798
384
1006
1893
1118
995
491
689
986
668
802
458
1235
1138
923
1077
514
1245
616
872
212
1285
1325
589
937
695
1429
1367
1344
1228
494
967
1410
613
327
1339
642
450
1267
1593
621
948
402
1474
844
1397
970
1346
721
1030
1255
938
1010
717
572
975
871
1173
1060
1616
615
1434
548
815
1478
1389
984
1110
933
1560
999
917
1023
1279
902
143
649
1618
874
439
1092
1124
863
1344
749
688
833
1693
1204
1301
908
662
1103
1352
1738
438
1517
400
746
724
1722
1357
1035
1492
641
926
1308
913
488
1222
621
774
1421
583
720
996
1119
1757
348
718
1571
1004
52
1012
1825
357
368
1428
988
1620
1456
1804
875
908
1200
36
1649
1227
1691
719
1352
268
1489
1244
822
1153
999
604
1020
987
1500
357
977
726
1695
1334
865
315
1129
1303
1068
1232
615
869
1553
774
921
1510
1666
728
894
1498
395
895
733
43
906
1670
1722
1439
617
1654
858
1156
1097
764
1369
1361
214
1073
377
866
1011
1574
1309
1673
1773
383
1378
329
917
1292
1407
1550
1370
1570
812
323
1258
1629
1278
576
1244
1142
917
654
713
1623
1185
972
1301
818
1152
965
1700
509
1226
1261
1433
568
1984
686
981
963
1273
953
1300
703
1147
1220
1018
1641
1083
1130
1269
933
482
897
1282
691
1030
601
1289
803
619
802
697
1401
565
693
1081
1010
1021
722
848
1026
1211
1217
665
384
747
769
869
1568
1148
527
347
1857
673
1723
1579
631
925
1318
1101
1052
626
682
804
730
1116
600
1082
757
423
660
1171
1199
1017
1390
1083
1060
1127
642
1577
1650
268
1484
450
1924
937
991
1406
1496
711
1412
302
534
1498
1540
1112
1372
1110
1394
1296
1241
835
1234
1159
1673
1361
721
1012
1676
1569
1520
422
1055
995
1228
992
1548
1745
1207
1323
1803
845
861
601
983
1004
1496
1660
631
165
718
1492
745
1248
842
399
1386
1715
1085
838
1011
1010
719
932
868
726
913
1100
1284
1054
1067
940
1102
1295
1061
1224
1294
1607
1152
1227
998
1320
927
680
648
1456
565
1671
1270
622
1013
709
1209
1776
1095
487
668
930
1090
401
727
1097
460
1443
1752
235
1142
421
765
197
550
1585
587
1517
976
509
1279
1583
1089
488
1273
734
1356
374
1196
824
335
224
1026
1397
1520
1408
1496
1189
1332
721
1880
935
457
698
563
748
1255
401
1624
373
1325
650
982
1592
827
420
397
839
1255
1075
343
957
746
415
1095
669
646
714
375
176
903
743
343
458
948
831
974
703
1008
1029
644
761
410
529
1066
931
887
624
1083
411
90
1757
269
307
970
905
1128
1751
1078
1072
1043
1406
1160
671
1219
1414
1483
338
1127
455
829
1752
1019
967
925
425
401
1130
536
840
1436
582
799
995
1405
890
1562
1377
983
1003
766
1370
773
1130
1725
163
917
863
1143
1049
1455
1733
714
501
827
1370
731
767
1641
996
1241
1546
885
1400
907
1171
505
251
1796
897
848
1451
612
1659
152
1173
983
1404
1148
988
706
723
1641
1474
880
1107
1071
1601
1263
808
837
1488
385
1017
951
922
1505
960
774
1268
708
903
849
1101
996
475
502
1376
1370
1879
1348
1424
1773
1641
1368
968
1365
992
710
1097
894
908
1034
980
1304
617
1303
1895
860
1682
1384
1286
1691
1146
1293
1380
1677
748
1658
1334
642
1083
995
774
666
1692
349
974
1076
598
1261
922
1489
1320
875
481
1200
583
1627
1387
621
271
1130
985
545
909
535
1102
499
1008
1648
864
369
975
1286
554
1137
1017
768
1349
1294
1236
998
190
1214
459
778
1072
540
1070
227
1520
1010
994
676
832
1253
1420
753
1758
775
1815
554
508
802
1313
1409
1057
992
1297
1351
1827
149
769
1252
874
754
1389
136
976
1112
856
931
608
664
141
1255
668
642
1154
1759
1211
511
1500
1794
1203
1728
1264
674
1036
1831
1389
794
729
380
113
1059
719
1317
777
1076
1273
875
318
1116
568
810
1281
1062
1070
1598
978
1186
717
1098
503
758
493
426
1296
1507
1256
576
1478
579
597
918
1003
1270
1177
645
339
1342
347
89
1632
740
1175
869
1071
1434
1286
1005
1765
1428
1311
846
1783
950
191
659
1386
1026
1538
917
1078
552
1526
1164
505
1117
948
388
1189
856
354
1251
1519
853
411
685
747
464
247
809
889
1238
573
1153
491
369
1422
340
1574
477
551
488
1432
934
1079
584
1594
1229
1887
804
1179
915
1075
1064
1390
909
1369
1826
560
1639
