377568
8983
308516
146304
101283
755876
139040
155168
84412
428736
244944
94128
308966
188266
96012
785232
255640
544464
81354
456536
733654
300096
199688
659620
462636
112772
128472
65007
256360
193120
6020
319652
7000
570240
201801
188800
229822
473060
112054
135172
691824
71224
482893
410085
724224
19488
790560
563400
9983
303096
503568
115128
236621
419430
404424
27560
63072
303898
219136
366318
404968
112838
9114
30880
130680
44352
236040
104904
98754
69628
109880
181044
28768
392448
41678
300027
185322
307751
503129
6936
249696
242235
61608
629222
264969
14616
636270
192960
32515
9512
161720
148668
375968
324870
350693
279792
76112
177468
157874
2016
201144
173010
22425
351276
31900
438147
644485
131424
140094
106896
206255
273616
583296
476572
38794
368970
983016
776089
31524
133937
449805
12198
1705
320857
188100
404040
590640
487134
163856
345276
117970
316448
39468
457292
53888
71040
57354
11362
26767
559440
2744
116064
20148
290955
29325
277665
280016
466560
6840
697695
408642
206640
390688
783020
108528
115568
865896
64395
34055
305254
47690
317292
293210
368
338424
288963
243948
67266
597506
103530
990
135736
163305
396538
33184
306190
83790
225624
348296
678258
547261
158762
107912
151335
133320
84194
21604
113975
19684
51541
673644
917139
19136
148016
15776
647214
32421
81700
456832
95472
196400
811370
7380
430390
328594
243528
348840
4740
15778
106480
228684
118496
265045
13090
37412
203658
223570
329472
55610
536272
177694
247923
686340
69147
50085
13800
222208
58820
90258
161210
329510
101376
842528
529549
404271
938880
331364
733120
148044
419920
268205
799425
71400
43359
117030
41195
372528
90528
8442
478142
75488
650727
12078
326890
31356
297360
1940
733910
391563
679830
227255
90992
230656
285750
100098
15062
7272
41783
87906
217856
185719
49320
309771
86877
174306
447500
228453
2730
15925
115326
149600
38940
122850
166848
403880
297591
430440
473386
135040
76630
218553
492808
108837
192210
90363
26370
11544
5535
5083
65926
763689
265576
773850
601328
46035
325085
34528
441440
15453
5832
190990
253414
48472
549270
8856
135548
199824
79210
41268
341048
33812
786786
239766
408960
336660
119314
100232
342672
469900
109798
39098
524912
262255
3663
43700
618640
57291
416584
162513
139092
695460
73836
433872
75702
12672
141487
59808
27450
33672
281240
271296
35604
859950
169320
531875
13112
380828
245456
316225
53382
769980
30015
74806
67840
520128
31866
15948
222053
600966
321720
439810
50666
204268
295765
478296
18792
3504
751100
167980
74100
349070
329847
12976
13494
62060
88400
209124
29190
415948
25415
24759
601344
461700
119784
35298
315571
72495
16269
146880
61131
194850
340095
279015
172260
266844
120217
49296
163020
8631
417960
437340
25365
532224
482794
79464
824380
632302
245660
41745
324852
359160
467280
81816
160864
663320
24882
24708
129602
626340
368424
157320
313280
413786
387714
461912
251576
752851
32110
584172
58681
44979
78
4698
224950
34240
328871
18879
39500
387374
281880
343980
122411
129952
6942
66375
543111
643680
69788
330424
172260
211434
189042
702042
85724
694342
615012
118174
110240
339031
462476
734080
197758
42328
483840
652096
730527
77280
153644
29904
233289
50605
107520
415834
636956
442602
481149
110000
38742
25662
146792
117360
1934
752486
585900
169068
111901
20384
417942
257484
429713
298878
2926
17496
491815
304308
245
697754
159152
88576
433578
53625
678744
128250
31062
802305
430650
255195
110044
293722
535344
188178
206066
94500
266336
735234
76664
790500
463750
141368
476820
57677
686545
200291
243906
347274
212742
336483
147000
31171
139302
29988
312594
188568
534831
382689
139957
365435
365935
477310
523110
49640
292242
343560
867420
111800
248220
135603
257775
206
30336
50457
94656
196112
477252
377188
394227
89794
723303
691308
467290
340280
170065
2120
241560
812240
573777
87642
58800
506319
87612
308361
255840
416421
438090
552720
85799
95484
117248
705596
88326
69126
55328
662672
34040
17400
825
167648
217366
334965
434576
66300
88768
54630
118496
756510
323990
502095
69200
686757
128336
71314
282200
348994
15378
588552
147288
74550
28500
751716
202020
287330
40337
63990
225552
231550
396242
32361
51852
288900
227678
313822
50215
180994
46872
502656
7124
65376
188784
117208
15504
73153
138768
69167
55944
3650
831300
237824
457418
46000
8802
199500
671340
149952
330120
136469
616322
617337
628648
271503
487518
9625
8203
136512
3936
716690
49501
23250
1878
245496
7120
217892
76950
26554
24687
288405
4275
211118
404096
63491
121375
145800
57152
348800
275886
79625
77880
39130
603680
198364
330564
37392
640266
691966
437664
30616
135468
587860
163098
72563
110290
276385
60240
364530
114912
1260
76260
201096
41412
81075
445578
75552
559056
27724
237536
125096
361350
173448
595560
120384
25568
15575
75450
335352
196259
650400
28118
605115
8304
148626
83578
90780
298403
282270
172144
169422
387653
383610
280489
130746
153400
116614
5535
226200
729
36432
578744
200250
534300
174628
636519
6400
390642
30688
42224
137900
194820
3458
49044
231680
345695
88929
276298
44312
228390
809951
122973
276174
346986
53298
45696
147147
277838
20608
227915
350304
934080
3696
365500
165376
42828
72098
57420
39520
357296
173880
419975
224190
218889
40680
408272
143646
153360
194876
228147
894795
22750
130355
49720
225207
784575
2436
159894
393550
265716
808197
94710
246708
156751
4522
107359
125736
526280
254265
203447
22500
8476
167280
286058
398300
131813
124173
26220
231000
300696
42432
356166
87040
422508
295212
158149
875
255843
82096
308976
790632
447528
626423
140384
463750
4114
227840
80433
298623
646506
103621
1750
53492
306035
624870
214182
446148
450602
67348
228984
285570
813568
504336
319534
377200
244777
136620
34830
541986
49421
8400
36784
94192
55552
426888
136873
44322
699766
144828
335120
24934
271365
180026
160979
564408
513744
74556
9960
738405
61952
775986
237140
852852
631968
9308
105672
52635
98490
7751
476212
24660
211792
686232
18054
24534
76647
175414
309960
140104
292120
311406
419100
651423
490568
443326
439756
215430
8364
541458
58216
656880
115564
8052
194816
20582
4110
1461
134810
14688
9170
7888
394865
547906
515844
230376
421952
363084
451360
552544
332483
597915
112560
459728
103020
292432
7367
213466
47034
117458
16046
147256
346150
74258
5871
225775
23188
51121
38250
250444
54270
334048
134550
356396
588010
93248
46782
316080
5136
200384
137781
129000
559580
106679
199916
39072
28518
27968
367620
339288
175088
121248
766892
294020
114597
16480
503457
63760
180624
390128
263563
496961
152388
12276
440430
615936
397720
75348
3528
36490
34056
185076
81225
111397
261919
111930
49714
205343
4592
438100
270684
25359
257312
754682
216596
400653
427380
114000
248482
146882
23343
1638
222709
607767
141015
411825
264735
300950
194024
222053
342557
101936
694416
241860
9632
153216
12896
525642
67792
374883
532380
182910
646098
12348
42320
768012
163965
145071
172312
73485
13536
234910
50440
776550
787546
174340
608390
242064
209934
40020
191296
127759
72652
96472
525665
57770
249860
137172
49712
245644
339768
24167
107082
54400
269412
71703
15968
105851
280862
105792
321566
30256
174109
126968
457314
376745
445995
22196
84072
44678
258422
70004
317423
493506
67068
629636
22950
71540
214622
375468
256760
377804
188116
173236
22086
132888
236863
262821
65667
796965
218484
322504
78033
187460
227370
308865
145235
72490
599110
498363
515246
11664
83328
160004
94488
7198
13149
18700
9021
196800
49724
26496
14626
70686
355674
703328
12390
285254
45684
440955
93080
71996
469933
144578
22440
320758
336091
21436
11505
61035
33672
597546
104704
2820
48480
8307
214405
174985
22875
177126
708367
140432
31239
228673
895106
141912
223636
7140
73524
132825
111195
157992
35800
378000
322605
180762
283340
65320
258984
65964
49471
5611
394716
438900
79420
45186
118500
448260
451672
395888
373632
45633
210210
496736
90160
9962
447958
54200
47144
304290
623700
72230
165627
20801
536445
116083
471390
226009
452733
96288
82896
281196
204832
243361
124490
70560
97406
141040
198440
265524
620103
36234
493640
38595
73944
532896
477074
175500
305321
100316
605591
178478
178002
221030
327450
131577
690
86668
650125
188665
39438
296672
315808
72286
408735
33648
83740
149292
716380
267540
413050
130491
71145
299596
447567
755136
36936
518440
39639
53865
109435
740592
421356
266000
524116
24600
78208
349316
192136
24192
267045
54590
108560
489558
27132
28476
139104
262640
770280
13635
82656
599454
143104
640
242347
832150
29000
32256
509600
205227
649044
484188
813243
2616
185091
339551
275
678744
315126
707214
86184
403152
17632
517608
383040
119192
331162
128048
81003
193019
26852
560900
31706
97632
131648
718166
428505
175714
9554
290938
343512
238931
258352
83214
7740
568542
62744
98154
559824
685608
126720
186584
558792
786
58504
94522
190
20309
681349
740025
444510
92092
679440
83552
307515
294690
137643
409734
369138
7728
173250
11970
187408
51678
619225
370530
699660
783626
36642
460797
13720
171216
332052
465500
568225
467856
599584
16611
23002
309792
648404
302045
575
355908
325017
130980
99185
70686
642782
343224
232352
386094
87192
168560
116866
708576
64350
310233
284970
509590
59631
984064
101265
206550
228762
357826
223512
403456
109510
258412
371844
246312
670770
163262
280809
402548
27962
42952
200880
410685
117730
251064
90144
370224
159222
61008
157776
94392
479570
54046
70556
236680
169176
245604
35457
61440
154928
266458
223966
60156
15255
8820
83578
126540
610300
260832
63112
22446
857142
45372
738276
623128
97980
177616
379056
302180
275155
53869
113977
91908
18981
184628
86751
278992
64020
38570
20096
340648
230878
207270
435936
213980
240499
271522
44960
614760
669600
10560
530400
13376
924420
132762
233748
432705
525648
120830
476235
21432
40313
545625
577524
308695
460192
287576
404013
419855
378378
169884
366048
205138
696540
436020
123480
127155
693028
615384
576511
39192
265824
19500
246675
245391
581120
760950
354112
356072
811832
0
48800
88138
238492
46795
546508
681844
37788
6566
102960
508116
136306
389120
160600
13718
461753
731400
130686
171465
240768
248941
125334
39915
103675
126585
176172
287124
307835
275128
278142
114624
169645
394764
112098
339575
414513
637602
330332
227772
245032
371084
926
111879
98735
519783
3354
693638
364809
91960
77190
62418
297560
787175
299546
25620
52020
35600
273000
36778
109180
279096
49419
499682
762752
10614
249865
24288
140606
8370
35224
622204
74370
525816
10615
30360
290968
621070
277574
54352
273726
71688
416835
31833
349683
169344
2296
7215
262845
452370
561975
486967
543375
273624
343700
34170
881100
108664
35182
119400
79110
130467
391404
32368
659148
33450
384384
61104
211497
630700
6552
41499
6460
175674
334950
268884
27930
210056
137529
42966
298196
79670
65913
86240
7766
5440
194732
131692
9672
51480
184676
172628
121569
11662
158535
230300
54843
143220
32025
15904
189225
71148
158862
22815
151470
31310
1296
769692
16968
2392
234936
118026
259532
762468
179632
135196
213640
421309
336319
82804
339984
496249
529516
20992
314452
51204
71004
753215
86118
232050
158446
17434
6894
253689
22095
145071
467563
35840
69300
197106
469944
134521
584040
454292
165120
225420
32445
453600
37492
315129
736766
4572
172392
158802
202356
55608
523706
750172
22473
32300
151242
448489
87580
118680
655928
16643
362370
568288
53300
418711
156600
276504
55014
2178
801504
195146
163392
477730
83636
666608
5151
241262
68932
460404
248820
20307
113584
129122
657968
538680
176439
278306
274550
626994
361736
119535
65912
538895
19764
76670
104648
206592
528814
102951
93600
396480
92192
88592
122840
219240
236979
23826
38352
437244
460576
879354
446707
435120
784400
671150
441935
153600
427194
69616
47064
132342
148280
151360
66585
237891
424320
91140
423802
897756
128256
706656
399340
404424
714760
327173
319052
446516
702662
57507
682341
359040
96152
166130
237204
115173
68453
700832
29394
179088
131040
82005
355300
146472
553974
424151
13744
21168
266364
70452
661132
416172
95654
13668
211641
209250
54234
114458
60214
303312
15378
118592
678652
125120
22698
202874
405880
43968
180686
80910
0
417508
365709
381635
205320
7581
312753
44298
53352
283696
59211
118125
1752
543375
51624
242248
102580
26367
263980
439075
99110
764177
126594
823094
57129
45195
158097
354540
467590
264792
55920
420532
454044
834350
4620
145390
391851
173545
140608
482058
4524
128583
298111
61383
214528
71100
28428
3488
297346
38115
2552
262704
767358
353974
53508
516704
799133
287546
744975
269824
68625
257088
837210
467810
117208
61838
29044
2886
181460
11934
344520
93092
282388
405022
113286
23072
257075
28215
129056
334340
131417
113169
633912
187137
237405
38222
234320
59346
130185
54756
43344
376640
512302
373359
26775
479557
47900
21242
162720
244020
328149
330330
73206
10640
412605
5922
1968
640892
42036
205654
71484
269990
510953
409353
200750
774516
492107
335124
178088
792322
156981
1110
77064
414713
258128
548512
143916
288585
75087
576693
338528
61104
183400
224627
24180
348174
87703
0
370080
557380
100392
38690
115414
65246
32215
14872
73320
168168
348565
81702
323422
47388
18788
492525
28000
618793
27812
52948
51967
478431
82665
265938
77695
607984
324480
889686
125504
218270
104006
83244
282183
421024
193688
466188
829080
78375
664608
